 800 900 400 500
1 0.000000 0.000000 0.000000 0.023030
2 0.000000 0.000000 0.125060 0.003940
3 0.000000 0.000000 0.128610 0.000390
4 0.000000 0.000000 0.013550 0.021910
5 0.000000 0.000000 0.000000 0.000150
6 0.000000 0.000000 0.118590 0.010410
7 0.000000 0.000000 0.126560 0.002440
8 0.000000 0.031000 0.121890 0.007110
9 0.000000 0.000000 0.000000 0.004160
10 0.000000 0.000000 0.000000 0.008020
11 0.031000 0.000000 0.000000 0.006850
12 0.000000 0.000000 0.000000 0.007380
13 0.000000 0.000000 0.000000 0.025850
14 0.000000 0.000000 0.104860 0.024140
15 0.000000 0.000000 0.000000 0.000010
16 0.000000 0.000000 0.000000 0.000070
17 0.000000 0.000000 0.125850 0.003150
18 0.000000 0.000000 0.000000 0.018850
19 0.000000 0.000000 0.000000 0.001380
20 0.000000 0.000000 0.000000 0.008180
21 0.000000 0.000000 0.067240 0.029530
22 0.000000 0.000000 0.123020 0.005980
23 0.000000 0.000000 0.000000 0.009980
24 0.000000 0.000000 0.127500 0.001500
25 0.031000 0.000000 0.114210 0.014790
26 0.000000 0.000000 0.023620 0.069090
27 0.000000 0.000000 0.000000 0.020330
28 0.000000 0.000000 0.040850 0.013840
29 0.000000 0.000000 0.122730 0.006270
30 0.000000 0.000000 0.099170 0.029830
31 0.000000 0.000000 0.000000 0.004260
32 0.000000 0.000000 0.004440 0.007170
33 0.000000 0.000000 0.000000 0.008820
34 0.000000 0.000000 0.000000 0.001110
35 0.000000 0.031000 0.120140 0.008860
36 0.000000 0.000000 0.000000 0.007750
37 0.000000 0.000000 0.000000 0.031050
38 0.000000 0.000000 0.000000 0.009280
39 0.000000 0.000000 0.000000 0.015780
40 0.000000 0.000000 0.017250 0.015920
41 0.000000 0.000000 0.000000 0.011890
42 0.000000 0.031000 0.108790 0.020210
43 0.000000 0.000000 0.000000 0.003080
44 0.000000 0.000000 0.000000 0.015870
45 0.000000 0.000000 0.086290 0.042710
46 0.000000 0.000000 0.116640 0.012360
47 0.000000 0.000000 0.000000 0.001620
48 0.000000 0.000000 0.000000 0.011600
49 0.000000 0.000000 0.054430 0.069900
50 0.000000 0.000000 0.005240 0.044210
51 0.000000 0.000000 0.000000 0.076170
52 0.000000 0.000000 0.000000 0.003960
53 0.000000 0.000000 0.000000 0.000460
54 0.000000 0.000000 0.124800 0.004200
55 0.000000 0.000000 0.122200 0.006800
56 0.000000 0.000000 0.000000 0.018080
57 0.000000 0.000000 0.122960 0.006040
58 0.000000 0.000000 0.022410 0.022890
59 0.000000 0.000000 0.127550 0.001450
60 0.000000 0.000000 0.000000 0.056580
61 0.000000 0.000000 0.071570 0.015130
62 0.000000 0.000000 0.127160 0.001840
63 0.004940 0.000000 0.007530 0.051270
64 0.000000 0.000000 0.000000 0.006140
65 0.000000 0.000000 0.127380 0.001620
66 0.000000 0.000000 0.071280 0.057720
67 0.000000 0.000000 0.000000 0.004450
68 0.000000 0.000000 0.116500 0.012510
69 0.000000 0.000000 0.103810 0.025190
70 0.000000 0.000000 0.000000 0.005200
71 0.000000 0.000000 0.000000 0.003240
72 0.000000 0.031000 0.118940 0.010060
73 0.000000 0.000000 0.000000 0.009860
74 0.000000 0.000000 0.128030 0.000970
75 0.000000 0.000000 0.000000 0.010300
76 0.000000 0.000000 0.000000 0.026480
77 0.000000 0.000000 0.099060 0.029940
78 0.000000 0.000000 0.000000 0.013020
79 0.000000 0.000000 0.000000 0.021320
80 0.000000 0.000000 0.000000 0.002060
81 0.000000 0.000000 0.000000 0.014130
82 0.000000 0.000000 0.000000 0.003720
83 0.000000 0.000000 0.113980 0.015020
84 0.000000 0.000000 0.000000 0.008290
85 0.000000 0.000000 0.124270 0.004730
86 0.000000 0.000000 0.043620 0.011760
87 0.000000 0.000000 0.022780 0.034120
88 0.000000 0.031000 0.129000 0.000000
89 0.000000 0.000000 0.000000 0.022000
90 0.000000 0.000000 0.124510 0.004490
91 0.000000 0.000000 0.000000 0.005190
92 0.000000 0.000000 0.079470 0.049530
93 0.000000 0.000000 0.047020 0.073230
94 0.000000 0.000000 0.107990 0.021010
95 0.000000 0.000000 0.000000 0.000200
96 0.000000 0.031000 0.120360 0.008640
97 0.000000 0.000000 0.000000 0.003310
98 0.000000 0.000000 0.117930 0.011070
99 0.000000 0.000000 0.000000 0.000450
100 0.000000 0.000000 0.000000 0.008690
101 0.000000 0.000000 0.000000 0.005930
102 0.000000 0.000000 0.000000 0.006640
103 0.031000 0.000000 0.000000 0.019430
104 0.000000 0.000000 0.000000 0.008540
105 0.031000 0.000000 0.079220 0.018150
106 0.000000 0.000000 0.000000 0.060420
107 0.000000 0.000000 0.000000 0.016000
108 0.000000 0.000000 0.069670 0.050650
109 0.000000 0.000000 0.000000 0.003630
110 0.000000 0.000000 0.000000 0.003260
111 0.000000 0.000000 0.000000 0.009320
112 0.000000 0.000000 0.113950 0.015050
113 0.000000 0.000000 0.116810 0.012190
114 0.000000 0.000000 0.000000 0.009080
115 0.000000 0.000000 0.065700 0.046080
116 0.000000 0.000000 0.000000 0.001440
117 0.000000 0.031000 0.128810 0.000190
118 0.000000 0.000000 0.000000 0.019600
119 0.000000 0.000000 0.000000 0.019020
120 0.000000 0.000000 0.000000 0.002100
121 0.000000 0.000000 0.000000 0.001630
122 0.000000 0.000000 0.000000 0.000070
123 0.000000 0.031000 0.111140 0.017860
124 0.000000 0.000000 0.000000 0.007840
125 0.000000 0.000000 0.110560 0.018440
126 0.000000 0.000000 0.000000 0.001360
127 0.000000 0.000000 0.000000 0.056470
128 0.000000 0.000000 0.126590 0.002410
129 0.000000 0.031000 0.065890 0.057530
130 0.000000 0.000000 0.000000 0.017330
131 0.000000 0.000000 0.000000 0.000420
132 0.000000 0.000000 0.127150 0.001850
133 0.000000 0.000000 0.000000 0.015340
134 0.000000 0.000000 0.000000 0.001940
135 0.000000 0.000000 0.000000 0.001130
136 0.000000 0.000000 0.008620 0.018940
137 0.000000 0.000000 0.000000 0.027200
138 0.000000 0.000000 0.107030 0.021970
139 0.000000 0.000000 0.128760 0.000240
140 0.000000 0.000000 0.000000 0.018190
141 0.000000 0.000000 0.000000 0.005350
142 0.000000 0.000000 0.125580 0.003420
143 0.000000 0.000000 0.000000 0.019920
144 0.000000 0.000000 0.000000 0.007870
145 0.000000 0.000000 0.109830 0.019170
146 0.000000 0.000000 0.000000 0.001450
147 0.000000 0.000000 0.123720 0.005280
148 0.000000 0.000000 0.000000 0.000020
149 0.000000 0.000000 0.000000 0.001970
150 0.000000 0.000000 0.000000 0.004530
151 0.000000 0.000000 0.000000 0.017060
152 0.000000 0.000000 0.000000 0.014730
153 0.000000 0.000000 0.000000 0.023000
154 0.000000 0.000000 0.117620 0.011380
155 0.000000 0.000000 0.123000 0.006000
156 0.000000 0.000000 0.000000 0.013090
157 0.000000 0.000000 0.122900 0.006100
158 0.000000 0.000000 0.000000 0.005410
159 0.000000 0.000000 0.000000 0.014090
160 0.000000 0.000000 0.096400 0.025760
161 0.000000 0.000000 0.000000 0.009470
162 0.000000 0.000000 0.125170 0.003830
163 0.000000 0.000000 0.000000 0.002150
164 0.000000 0.000000 0.000000 0.009320
165 0.000000 0.000000 0.000000 0.006530
166 0.000000 0.000000 0.128470 0.000530
167 0.000000 0.000000 0.000000 0.020100
168 0.000000 0.031000 0.119240 0.009760
169 0.000000 0.000000 0.000000 0.002460
170 0.000000 0.000000 0.000000 0.006000
171 0.000000 0.031000 0.000000 0.018130
172 0.000000 0.000000 0.000000 0.000600
173 0.000000 0.000000 0.000000 0.002190
174 0.000000 0.000000 0.122880 0.006120
175 0.000000 0.000000 0.000000 0.049940
176 0.000000 0.000000 0.000000 0.000010
177 0.000000 0.000000 0.000000 0.017100
178 0.000000 0.000000 0.000000 0.002730
179 0.000000 0.000000 0.000000 0.004270
180 0.000000 0.000000 0.000000 0.018920
181 0.000000 0.000000 0.015460 0.046600
182 0.000000 0.000000 0.000000 0.010370
183 0.000000 0.000000 0.019060 0.066360
184 0.000000 0.000000 0.000000 0.009300
185 0.000000 0.000000 0.000000 0.009150
186 0.000000 0.000000 0.119060 0.009940
187 0.000000 0.000000 0.000000 0.017210
188 0.000000 0.000000 0.000000 0.011040
189 0.000000 0.000000 0.000000 0.005690
190 0.000000 0.000000 0.000000 0.006470
191 0.000000 0.000000 0.000000 0.028970
192 0.000000 0.000000 0.000000 0.039940
193 0.000000 0.000000 0.128970 0.000030
194 0.000000 0.000000 0.000000 0.011220
195 0.000000 0.000000 0.000000 0.017410
196 0.000000 0.000000 0.000000 0.006710
197 0.000000 0.000000 0.128560 0.000440
198 0.000000 0.000000 0.000000 0.004710
199 0.000000 0.000000 0.126290 0.002710
200 0.000000 0.000000 0.025220 0.018980
