 Photons Electrons
8 0.031000 0.121890
8 0.031000 0.007110
11 0.031000 0.006850
25 0.031000 0.114210
25 0.031000 0.014790
35 0.031000 0.120140
35 0.031000 0.008860
42 0.031000 0.020210
42 0.031000 0.108790
63 0.004940 0.007530
63 0.004940 0.051270
72 0.031000 0.010060
72 0.031000 0.118940
88 0.031000 0.129000
96 0.031000 0.008640
96 0.031000 0.120360
103 0.031000 0.019430
105 0.031000 0.018150
105 0.031000 0.079220
117 0.031000 0.128810
117 0.031000 0.000190
123 0.031000 0.017860
123 0.031000 0.111140
129 0.031000 0.065890
129 0.031000 0.057530
168 0.031000 0.119240
168 0.031000 0.009760
171 0.031000 0.018130
